200.31317
202.92729
198.46779
194.4187
192.13777
196.53008
197.00487
190.94498
193.19716
197.6986
198.74707
193.58403
204.2701
198.6324
195.70016
200.14944
198.55931
197.0763
193.1748
193.80376
195.78606
197.53357
196.08034
197.03517
189.9422
195.32352
194.88799
202.60466
196.2456
194.3423
198.87738
188.27643
195.68602
184.61009
195.03955
195.31883
200.50598
197.04326
199.78171
183.17912
198.57843
193.9371
198.85439
196.38934
195.20886
203.64876
190.90909
192.16231
195.02283
202.33932
195.32735
195.80981
199.2512
198.94907
192.95494
199.5876
198.63187
201.09238
196.88033
194.41165
186.94276
196.61975
200.12271
189.33195
195.57056
197.72795
196.83197
199.24898
198.77676
197.6205
194.74211
198.92897
187.75723
193.47943
196.99338
188.27893
198.81407
204.78702
191.67407
194.8088
195.28026
187.2533
196.5325
196.91568
207.05537
200.18726
196.55798
205.77934
198.97218
199.85594
195.51926
199.23428
187.59648
199.90337
195.94312
193.11638
193.14183
201.1477
197.31682
195.76118
