196.28506
193.8574
192.442
198.2801
199.2553
190.31192
200.13611
203.87631
191.64082
195.65462
187.42264
191.73126
195.52713
191.5899
193.46782
191.32605
192.06381
190.15927
198.04364
195.44504
194.5428
200.7162
196.40218
189.6004
192.32715
198.83737
196.25153
193.88368
190.25516
190.37294
194.98613
200.05919
194.20099
196.37001
203.7582
195.16922
198.15393
189.73712
199.29947
199.4818
195.79015
193.78163
190.44542
198.26929
189.71487
201.06136
192.05171
193.31694
195.92296
190.09352
198.82518
192.33957
194.2897
196.51402
199.38351
204.49762
204.72824
197.16312
194.72743
199.54701
189.37337
201.20215
187.7778
199.59666
198.87823
199.0911
193.9888
196.91946
191.46312
194.25125
198.99284
196.90488
193.30089
195.06146
200.64197
194.31845
196.23578
195.91234
198.638
190.44171
191.18541
183.55765
208.40135
197.34538
184.14832
201.84103
194.0129
191.66939
195.38307
186.00148
189.98393
191.20872
191.76114
209.51003
196.5641
190.5025
199.84332
196.3978
196.68958
194.70695
