198.7593
193.76366
200.40509
194.80305
199.33492
197.94391
188.50558
197.38457
194.56934
196.15515
202.20064
202.06589
204.8199
185.30821
194.82262
193.25887
202.52455
195.69882
192.81766
198.06578
198.25636
187.4274
194.09471
199.78162
198.57765
188.14105
189.72708
194.60492
197.67285
201.0939
195.99126
192.4933
200.07738
196.46303
200.7929
199.3626
198.64407
196.61191
193.78206
197.5139
196.45932
198.77177
204.0803
189.73392
202.23416
191.60284
191.78052
202.72859
194.16139
191.14331
193.27953
189.64143
193.97488
194.55656
198.52081
200.12666
187.96857
191.84038
189.6052
195.5893
194.83559
190.88748
197.63608
193.19905
198.75093
199.81143
203.83401
191.8609
197.05588
186.42447
193.91714
199.02397
195.7865
190.3719
190.17365
199.1115
201.45094
192.76602
190.90172
193.88701
200.32326
198.92992
188.96593
194.93755
202.04123
201.59145
193.93298
194.59679
191.31216
197.54102
193.43106
193.6214
195.9737
196.72034
194.23413
195.7613
195.12793
192.75594
193.24762
198.25621
192.3542
198.52565
196.08508
193.75786
189.9575
201.44669
195.24881
196.47333
189.93202
197.64561
198.76247
189.46635
193.09094
192.57127
194.49338
201.8827
186.90202
193.09149
194.89662
195.29631
199.26175
201.63013
193.05322
194.88168
195.45885
192.57736
198.0963
184.89215
189.5824
196.8381
202.80487
198.46758
208.76324
188.71938
195.6048
198.2515
198.15555
189.6832
203.24048
201.59018
198.01721
187.77773
199.77112
188.7558
198.99146
195.72702
193.87537
195.94597
197.90977
211.08963
198.93999
207.39441
199.00685
198.00897
205.94604
190.85138
199.79767
196.19727
193.39395
200.38171
194.23901
188.59262
197.4372
198.31262
196.76872
200.36977
198.31947
198.98306
195.65106
197.4561
196.35457
198.39218
187.47342
196.86034
187.47458
198.1169
197.11615
204.73495
193.65764
191.80531
191.92227
193.88205
192.40619
187.79488
200.78702
200.93245
192.65407
197.23347
190.09572
196.41165
190.78276
199.90685
187.72562
203.51572
195.6596
191.06612
195.4222
197.0279
189.62535
193.01892
196.28506
193.8574
192.442
198.2801
199.2553
190.31192
200.13611
203.87631
191.64082
195.65462
187.42264
191.73126
195.52713
191.5899
193.46782
191.32605
192.06381
190.15927
198.04364
195.44504
194.5428
200.7162
196.40218
189.6004
192.32715
198.83737
196.25153
193.88368
190.25516
190.37294
194.98613
200.05919
194.20099
196.37001
203.7582
195.16922
198.15393
189.73712
199.29947
199.4818
195.79015
193.78163
190.44542
198.26929
189.71487
201.06136
192.05171
193.31694
195.92296
190.09352
198.82518
192.33957
194.2897
196.51402
199.38351
204.49762
204.72824
197.16312
194.72743
199.54701
189.37337
201.20215
187.7778
199.59666
198.87823
199.0911
193.9888
196.91946
191.46312
194.25125
198.99284
196.90488
193.30089
195.06146
200.64197
194.31845
196.23578
195.91234
198.638
190.44171
191.18541
183.55765
208.40135
197.34538
184.14832
201.84103
194.0129
191.66939
195.38307
186.00148
189.98393
191.20872
191.76114
209.51003
196.5641
190.5025
199.84332
196.3978
196.68958
194.70695
200.31317
202.92729
198.46779
194.4187
192.13777
196.53008
197.00487
190.94498
193.19716
197.6986
198.74707
193.58403
204.2701
198.6324
195.70016
200.14944
198.55931
197.0763
193.1748
193.80376
195.78606
197.53357
196.08034
197.03517
189.9422
195.32352
194.88799
202.60466
196.2456
194.3423
198.87738
188.27643
195.68602
184.61009
195.03955
195.31883
200.50598
197.04326
199.78171
183.17912
198.57843
193.9371
198.85439
196.38934
195.20886
203.64876
190.90909
192.16231
195.02283
202.33932
195.32735
195.80981
199.2512
198.94907
192.95494
199.5876
198.63187
201.09238
196.88033
194.41165
186.94276
196.61975
200.12271
189.33195
195.57056
197.72795
196.83197
199.24898
198.77676
197.6205
194.74211
198.92897
187.75723
193.47943
196.99338
188.27893
198.81407
204.78702
191.67407
194.8088
195.28026
187.2533
196.5325
196.91568
207.05537
200.18726
196.55798
205.77934
198.97218
199.85594
195.51926
199.23428
187.59648
199.90337
195.94312
193.11638
193.14183
201.1477
197.31682
195.76118
