192.3542
198.52565
196.08508
193.75786
189.9575
201.44669
195.24881
196.47333
189.93202
197.64561
198.76247
189.46635
193.09094
192.57127
194.49338
201.8827
186.90202
193.09149
194.89662
195.29631
199.26175
201.63013
193.05322
194.88168
195.45885
192.57736
198.0963
184.89215
189.5824
196.8381
202.80487
198.46758
208.76324
188.71938
195.6048
198.2515
198.15555
189.6832
203.24048
201.59018
198.01721
187.77773
199.77112
188.7558
198.99146
195.72702
193.87537
195.94597
197.90977
211.08963
198.93999
207.39441
199.00685
198.00897
205.94604
190.85138
199.79767
196.19727
193.39395
200.38171
194.23901
188.59262
197.4372
198.31262
196.76872
200.36977
198.31947
198.98306
195.65106
197.4561
196.35457
198.39218
187.47342
196.86034
187.47458
198.1169
197.11615
204.73495
193.65764
191.80531
191.92227
193.88205
192.40619
187.79488
200.78702
200.93245
192.65407
197.23347
190.09572
196.41165
190.78276
199.90685
187.72562
203.51572
195.6596
191.06612
195.4222
197.0279
189.62535
193.01892
