753.25745
749.12634
748.2069
742.33685
754.6893
743.15326
756.57153
758.48047
769.49695
760.90985
759.74646
758.15393
729.7764
756.8534
748.2478
742.8693
753.5075
736.5488
753.48883
751.3279
742.45074
754.7793
754.37885
743.2165
764.75165
749.0794
749.60986
764.089
758.8305
748.2706
751.73724
754.34955
743.1268
749.0918
752.7313
769.356
748.79626
745.78784
733.28076
751.79193
771.3113
754.4984
754.0984
742.74316
760.2409
747.48145
749.5632
758.45685
751.28204
744.2364
733.4174
761.6976
752.00885
745.4389
767.3126
745.93524
744.5409
750.535
762.5661
762.62744
743.2082
729.5092
748.3251
758.01776
745.6986
747.4876
765.85767
754.65234
760.2988
768.38226
760.36383
749.02716
748.65717
747.943
760.9206
758.25385
742.8821
736.8146
749.828
752.9471
770.1398
755.8102
751.29504
760.76013
755.88763
749.69617
761.6872
738.8444
753.58813
746.6797
756.8516
751.65326
762.7182
739.5327
744.8257
753.54663
756.91516
742.95056
743.1301
765.86743
752.3552
753.00867
753.8523
744.1723
761.2007
749.7855
754.38745
750.37164
755.02795
755.7504
756.0756
763.7903
754.94806
754.33734
742.2779
747.11066
735.37177
751.6221
752.5165
757.0076
752.5511
749.3592
750.5592
742.21893
756.3518
751.4828
746.9573
752.54974
746.90985
746.34076
754.66644
772.5141
755.07367
761.187
752.5255
744.7667
762.0814
744.3919
753.18976
739.8188
758.42865
755.4994
763.85944
757.21564
748.0211
752.8314
751.39435
761.8148
748.90857
746.8706
756.3351
741.22064
763.3463
748.4108
748.9629
753.0771
763.42444
751.51587
748.7163
742.4303
754.59576
748.6577
746.33826
735.6366
739.1345
753.3604
735.8938
750.3597
754.06
762.6487
747.5841
757.0542
767.4423
746.822
752.3231
747.4958
764.2694
758.2917
755.6781
750.00385
758.6655
748.07855
763.5756
746.2854
763.1144
754.8067
756.84375
751.76935
754.1937
766.7461
737.98553
743.35956
766.8441
750.5688
739.6366
766.9106
738.00146
756.8881
733.4855
756.22925
773.50684
743.8135
749.8281
749.2976
765.15826
762.0724
765.89343
742.8701
762.83136
762.11224
752.90875
750.116
751.39294
758.53754
770.20844
763.8688
747.419
759.8068
755.0789
751.6598
759.7325
760.92505
757.58386
766.5355
761.7175
731.0421
748.6596
754.5785
739.0695
735.2023
750.60596
746.82385
753.8712
739.50226
755.9701
747.73627
744.385
759.8629
765.5404
745.4636
763.7384
730.59515
734.4162
741.2865
743.7163
757.2795
738.6137
757.9166
749.0194
756.82965
736.53754
756.2047
761.6715
750.1103
750.1218
756.2345
750.38495
770.1846
733.9407
754.0529
739.923
754.48425
744.91956
753.8426
740.22406
751.67096
733.4865
761.1996
738.6988
748.8846
754.0324
769.75903
746.39874
751.9358
746.8216
751.6269
746.7491
753.6193
763.6895
746.21893
757.793
759.31604
753.35834
767.81757
751.78595
735.3165
753.91235
757.76575
747.03394
749.06726
749.4788
754.7388
755.68256
762.0289
747.2037
757.98553
769.29095
756.34644
764.5992
751.1324
752.9271
743.5016
757.9833
749.4422
751.5374
753.01404
733.357
755.3883
747.1219
749.92896
744.358
749.08966
748.06604
753.3374
766.71
766.32263
767.2083
754.27313
741.65027
750.92377
736.85376
754.2022
755.03796
742.439
757.7393
740.64343
760.45483
741.21204
754.0006
745.1883
742.7534
746.582
754.8597
755.791
766.0922
748.03754
728.095
751.4314
752.01263
764.1964
745.72546
738.7579
754.3752
759.7797
741.69006
736.57556
745.2025
761.6138
750.44965
755.8618
747.18536
731.80554
737.2843
744.92035
751.43115
749.1817
761.7497
736.3297
746.06305
753.5098
767.28613
767.1916
748.57367
759.95807
743.5746
736.30536
745.54565
747.48517
754.884
737.8167
739.64966
751.11304
748.2779
741.10455
747.80743
